2 190 2 11 
2 138 2 14 
2 136 2 23 
2 217 5 8 
2 179 5 17 
2 171 5 26 
2 151 5 29 
2 180 8 17 
2 178 8 26 
2 155 8 29 
2 168 11 14 
2 160 11 23 
2 150 17 26 
2 142 2 7 
2 138 2 16 
2 155 2 22 
2 150 2 25 
2 146 2 31 
2 186 5 10 
2 199 5 13 
2 133 5 22 
2 157 5 28 
2 173 5 31 
2 229 5 34 
2 193 8 10 
2 197 8 13 
2 163 8 28 
2 166 8 31 
2 241 8 34 
2 166 11 16 
2 145 11 19 
2 167 11 22 
2 185 11 25 
2 158 11 31 
2 149 14 16 
2 146 14 25 
2 136 17 28 
2 147 17 31 
2 185 17 34 
2 139 20 34 
2 139 23 25 
2 137 26 28 
2 139 26 31 
2 179 26 34 
2 159 29 34 
2 135 2 6 
2 157 2 9 
2 151 2 18 
2 173 2 27 
2 146 2 30 
2 134 2 33 
2 213 5 15 
2 200 5 24 
2 132 8 12 
2 211 8 15 
2 200 8 24 
2 188 11 18 
2 214 11 27 
2 191 11 30 
2 148 11 33 
2 156 14 18 
2 157 14 27 
2 148 14 30 
2 169 17 24 
2 159 23 27 
2 143 23 30 
2 134 23 33 
2 151 1 5 
2 150 1 8 
2 160 7 11 
2 134 7 14 
2 141 7 23 
2 177 10 17 
2 164 10 26 
2 141 10 29 
2 182 13 17 
2 172 13 26 
2 145 13 29 
2 132 16 23 
2 140 1 13 
2 156 1 34 
2 133 4 22 
2 131 4 31 
2 143 7 16 
2 138 7 22 
2 145 7 25 
2 187 10 13 
2 151 10 28 
2 144 10 31 
2 198 10 34 
2 143 13 22 
2 149 13 28 
2 172 13 31 
2 198 13 34 
2 149 16 25 
2 135 19 22 
2 149 19 31 
2 137 22 25 
2 165 22 31 
2 166 28 34 
2 172 31 34 
2 146 1 15 
2 142 1 24 
2 168 7 9 
2 154 7 18 
2 168 7 27 
2 150 7 30 
2 163 7 33 
2 136 10 12 
2 202 10 15 
2 175 10 24 
2 211 13 15 
2 182 13 24 
2 162 16 18 
2 166 16 27 
2 152 16 30 
2 133 16 33 
2 136 19 27 
2 166 22 27 
2 155 22 30 
2 137 22 33 
2 176 25 27 
2 163 25 30 
2 135 25 33 
2 136 3 11 
2 151 6 11 
2 133 6 23 
2 198 9 11 
2 162 9 14 
2 151 9 23 
2 191 15 17 
2 178 15 26 
2 151 15 29 
2 142 18 23 
2 163 24 26 
2 140 24 29 
2 146 6 7 
2 139 6 16 
2 136 6 25 
2 172 9 16 
2 146 9 22 
2 171 9 25 
2 139 12 13 
2 134 12 34 
2 134 15 22 
2 160 15 28 
2 168 15 31 
2 216 15 34 
2 131 18 22 
2 156 18 25 
2 150 24 28 
2 158 24 31 
2 211 24 34 
2 148 27 31 
2 138 30 31 
2 153 6 9 
2 145 6 18 
2 158 6 27 
2 139 6 30 
2 142 6 33 
2 185 9 18 
2 194 9 27 
2 171 9 30 
2 157 9 33 
2 142 12 15 
2 192 15 24 
2 176 18 27 
2 162 18 30 
2 146 18 33 
2 187 27 30 
2 158 27 33 
2 141 30 33 
3 131 2 11 14 
3 166 5 8 17 
3 161 5 8 26 
3 140 5 8 29 
3 136 5 17 26 
3 143 8 17 26 
3 131 2 11 16 
3 139 2 11 25 
3 179 5 8 10 
3 180 5 8 13 
3 155 5 8 28 
3 147 5 8 31 
3 217 5 8 34 
3 170 5 17 34 
3 162 5 26 34 
3 144 5 29 34 
3 133 8 17 28 
3 177 8 17 34 
3 135 8 26 28 
3 174 8 26 34 
3 153 8 29 34 
3 143 11 14 16 
3 142 11 14 25 
3 132 11 23 25 
3 143 17 26 34 
3 142 2 11 18 
3 155 2 11 27 
3 137 2 11 30 
3 196 5 8 15 
3 185 5 8 24 
3 154 5 17 24 
3 157 8 17 24 
3 149 11 14 18 
3 149 11 14 27 
3 143 11 14 30 
3 149 11 23 27 
3 136 11 23 30 
3 132 2 7 11 
3 159 5 10 17 
3 160 5 13 17 
3 150 5 10 26 
3 152 5 13 26 
3 166 8 10 17 
3 163 8 13 17 
3 157 8 10 26 
3 159 8 13 26 
3 136 8 10 29 
3 134 8 13 29 
3 169 5 10 13 
3 143 5 10 28 
3 132 5 10 31 
3 182 5 10 34 
3 140 5 13 28 
3 140 5 13 31 
3 182 5 13 34 
3 157 5 28 34 
3 153 5 31 34 
3 176 8 10 13 
3 147 8 10 28 
3 134 8 10 31 
3 191 8 10 34 
3 146 8 13 28 
3 136 8 13 31 
3 192 8 13 34 
3 161 8 28 34 
3 163 8 31 34 
3 142 11 16 25 
3 131 14 16 25 
3 135 17 28 34 
3 136 26 28 34 
3 137 2 7 9 
3 134 2 7 27 
3 132 2 7 33 
3 135 2 25 27 
3 184 5 10 15 
3 160 5 10 24 
3 185 5 13 15 
3 164 5 13 24 
3 190 8 10 15 
3 166 8 10 24 
3 185 8 13 15 
3 166 8 13 24 
3 153 11 16 18 
3 156 11 16 27 
3 144 11 16 30 
3 144 11 22 27 
3 165 11 25 27 
3 152 11 25 30 
3 142 14 16 18 
3 140 14 16 27 
3 132 14 16 30 
3 137 14 25 27 
3 133 23 25 27 
3 147 2 9 11 
3 170 5 15 17 
3 164 5 15 26 
3 145 5 24 26 
3 138 5 15 29 
3 174 8 15 17 
3 167 8 15 26 
3 152 8 24 26 
3 142 8 15 29 
3 131 8 24 29 
3 135 11 18 23 
3 132 17 24 26 
3 135 2 9 16 
3 132 2 9 25 
3 151 5 15 28 
3 140 5 24 28 
3 149 5 15 31 
3 136 5 24 31 
3 201 5 15 34 
3 191 5 24 34 
3 156 8 15 28 
3 145 8 24 28 
3 142 8 15 31 
3 136 8 24 31 
3 207 8 15 34 
3 199 8 24 34 
3 149 11 18 25 
3 134 14 18 25 
3 162 17 24 34 
3 142 2 9 18 
3 145 2 9 27 
3 133 2 18 27 
3 133 2 27 30 
3 178 5 15 24 
3 131 8 12 15 
3 179 8 15 24 
3 166 11 18 27 
3 153 11 18 30 
3 138 11 18 33 
3 169 11 27 30 
3 140 11 27 33 
3 142 14 18 27 
3 136 14 18 30 
3 136 14 27 30 
3 135 23 27 30 
3 139 1 5 8 
3 133 7 11 23 
3 141 10 17 26 
3 140 13 17 26 
3 142 1 5 34 
3 149 1 8 34 
3 134 7 11 16 
3 136 7 11 25 
3 131 10 17 28 
3 169 10 17 34 
3 158 10 26 34 
3 138 10 29 34 
3 131 13 17 31 
3 165 13 17 34 
3 157 13 26 34 
3 134 13 29 34 
3 137 1 5 15 
3 133 1 8 15 
3 146 7 11 18 
3 151 7 11 27 
3 138 7 11 30 
3 147 7 11 33 
3 136 7 23 27 
3 134 7 23 33 
3 155 10 17 24 
3 151 13 17 24 
3 163 10 13 17 
3 152 10 13 26 
3 140 10 13 28 
3 131 10 13 31 
3 180 10 13 34 
3 151 10 28 34 
3 137 10 31 34 
3 147 13 28 34 
3 136 13 31 34 
3 136 7 16 18 
3 138 7 16 27 
3 132 7 16 33 
3 133 7 22 27 
3 135 7 22 33 
3 139 7 25 27 
3 135 7 25 33 
3 183 10 13 15 
3 161 10 13 24 
3 142 16 25 27 
3 134 16 25 30 
3 156 7 9 11 
3 132 7 9 14 
3 138 7 9 23 
3 173 10 15 17 
3 161 10 15 26 
3 142 10 24 26 
3 138 10 15 29 
3 173 13 15 17 
3 162 13 15 26 
3 145 13 24 26 
3 135 13 15 29 
3 135 1 15 34 
3 131 1 24 34 
3 142 7 9 16 
3 132 7 9 22 
3 141 7 9 25 
3 148 10 15 28 
3 136 10 24 28 
3 140 10 15 31 
3 131 10 12 34 
3 195 10 15 34 
3 170 10 24 34 
3 145 13 15 28 
3 132 13 24 28 
3 147 13 15 31 
3 187 13 15 34 
3 170 13 24 34 
3 138 16 18 25 
3 153 7 9 18 
3 160 7 9 27 
3 144 7 9 30 
3 156 7 9 33 
3 146 7 18 27 
3 133 7 18 30 
3 145 7 18 33 
3 145 7 27 30 
3 155 7 27 33 
3 140 7 30 33 
3 135 10 12 15 
3 172 10 15 24 
3 168 13 15 24 
3 152 16 18 27 
3 142 16 18 30 
3 144 16 27 30 
3 132 22 27 33 
3 151 25 27 30 
3 156 9 11 14 
3 142 9 11 23 
3 146 15 17 26 
3 131 6 11 16 
3 161 9 11 16 
3 134 9 11 22 
3 161 9 11 25 
3 146 9 14 16 
3 138 9 14 25 
3 132 9 23 25 
3 133 15 17 28 
3 136 15 17 31 
3 177 15 17 34 
3 132 15 26 28 
3 167 15 26 34 
3 144 15 29 34 
3 153 24 26 34 
3 135 24 29 34 
3 137 6 11 18 
3 142 6 11 27 
3 174 9 11 18 
3 180 9 11 27 
3 161 9 11 30 
3 145 9 11 33 
3 150 9 14 18 
3 150 9 14 27 
3 141 9 14 30 
3 144 9 23 27 
3 131 9 23 30 
3 131 9 23 33 
3 160 15 17 24 
3 135 18 23 27 
3 134 6 7 11 
3 146 9 16 25 
3 158 15 28 34 
3 146 15 31 34 
3 149 24 28 34 
3 141 24 31 34 
3 141 6 7 9 
3 135 6 7 18 
3 138 6 7 27 
3 140 6 7 33 
3 134 6 16 18 
3 133 6 16 27 
3 158 9 16 18 
3 164 9 16 27 
3 148 9 16 30 
3 132 9 16 33 
3 138 9 22 27 
3 162 9 25 27 
3 146 9 25 30 
3 132 9 25 33 
3 134 12 13 15 
3 145 18 25 27 
3 135 18 25 30 
3 142 6 9 11 
3 138 9 18 23 
3 150 15 24 26 
3 137 6 9 16 
3 149 9 18 25 
3 133 12 15 34 
3 141 15 24 28 
3 133 15 24 31 
3 184 15 24 34 
3 144 6 9 18 
3 146 6 9 27 
3 133 6 9 30 
3 138 6 9 33 
3 138 6 18 27 
3 132 6 18 33 
3 134 6 27 30 
3 135 6 27 33 
3 168 9 18 27 
3 151 9 18 30 
3 145 9 18 33 
3 162 9 27 30 
3 149 9 27 33 
3 135 9 30 33 
3 149 18 27 30 
3 138 18 27 33 
3 136 27 30 33 
4 132 5 8 17 26 
4 166 5 8 17 34 
4 161 5 8 26 34 
4 140 5 8 29 34 
4 132 5 17 26 34 
4 141 8 17 26 34 
4 147 5 8 17 24 
4 153 5 8 10 17 
4 151 5 8 13 17 
4 145 5 8 10 26 
4 145 5 8 13 26 
4 164 5 8 10 13 
4 141 5 8 10 28 
4 179 5 8 10 34 
4 139 5 8 13 28 
4 180 5 8 13 34 
4 155 5 8 28 34 
4 147 5 8 31 34 
4 132 8 17 28 34 
4 134 8 26 28 34 
4 177 5 8 10 15 
4 155 5 8 10 24 
4 172 5 8 13 15 
4 155 5 8 13 24 
4 136 11 14 16 18 
4 134 11 14 16 27 
4 133 11 14 25 27 
4 161 5 8 15 17 
4 155 5 8 15 26 
4 139 5 8 24 26 
4 131 5 8 15 29 
4 149 5 8 15 28 
4 139 5 8 24 28 
4 133 5 8 15 31 
4 196 5 8 15 34 
4 185 5 8 24 34 
4 150 5 17 24 34 
4 156 8 17 24 34 
4 169 5 8 15 24 
4 136 11 14 18 27 
4 131 11 14 18 30 
4 131 11 14 27 30 
4 135 8 10 17 26 
4 134 8 13 17 26 
4 155 5 10 17 34 
4 153 5 13 17 34 
4 146 5 10 26 34 
4 145 5 13 26 34 
4 164 8 10 17 34 
4 160 8 13 17 34 
4 155 8 10 26 34 
4 155 8 13 26 34 
4 135 8 10 29 34 
4 132 8 13 29 34 
4 141 5 10 17 24 
4 137 5 13 17 24 
4 146 8 10 17 24 
4 141 8 13 17 24 
4 147 5 10 13 17 
4 139 5 10 13 26 
4 153 8 10 13 17 
4 147 8 10 13 26 
4 133 5 10 13 28 
4 166 5 10 13 34 
4 143 5 10 28 34 
4 140 5 13 28 34 
4 137 8 10 13 28 
4 174 8 10 13 34 
4 147 8 10 28 34 
4 133 8 10 31 34 
4 144 8 13 28 34 
4 133 8 13 31 34 
4 167 5 10 13 15 
4 147 5 10 13 24 
4 173 8 10 13 15 
4 153 8 10 13 24 
4 136 11 16 25 27 
4 157 5 10 15 17 
4 154 5 13 15 17 
4 148 5 10 15 26 
4 149 5 13 15 26 
4 163 8 10 15 17 
4 158 8 13 15 17 
4 154 8 10 15 26 
4 137 8 10 24 26 
4 153 8 13 15 26 
4 136 8 13 24 26 
4 133 8 10 15 29 
4 141 5 10 15 28 
4 180 5 10 15 34 
4 157 5 10 24 34 
4 137 5 13 15 28 
4 174 5 13 15 34 
4 157 5 13 24 34 
4 144 8 10 15 28 
4 133 8 10 24 28 
4 131 8 10 15 31 
4 188 8 10 15 34 
4 165 8 10 24 34 
4 142 8 13 15 28 
4 181 8 13 15 34 
4 165 8 13 24 34 
4 132 11 16 18 25 
4 158 5 10 15 24 
4 155 5 13 15 24 
4 163 8 10 15 24 
4 157 8 13 15 24 
4 144 11 16 18 27 
4 136 11 16 18 30 
4 136 11 16 27 30 
4 142 11 25 27 30 
4 133 14 16 18 27 
4 134 5 15 17 26 
4 140 8 15 17 26 
4 164 5 15 17 34 
4 156 5 15 26 34 
4 139 5 24 26 34 
4 133 5 15 29 34 
4 171 8 15 17 34 
4 164 8 15 26 34 
4 151 8 24 26 34 
4 141 8 15 29 34 
4 131 8 24 29 34 
4 135 2 9 11 18 
4 136 2 9 11 27 
4 147 5 15 17 24 
4 151 8 15 17 24 
4 151 5 15 28 34 
4 140 5 24 28 34 
4 138 5 15 31 34 
4 154 8 15 28 34 
4 145 8 24 28 34 
4 140 8 15 31 34 
4 135 8 24 31 34 
4 139 11 18 25 27 
4 138 5 15 24 26 
4 143 8 15 24 26 
4 134 5 15 24 28 
4 172 5 15 24 34 
4 138 8 15 24 28 
4 178 8 15 24 34 
4 142 11 18 27 30 
4 139 1 5 8 34 
4 135 10 17 26 34 
4 134 13 17 26 34 
4 131 10 17 28 34 
4 132 1 8 15 34 
4 150 10 17 24 34 
4 145 13 17 24 34 
4 138 7 11 18 27 
4 137 7 11 18 33 
4 133 7 11 27 30 
4 139 7 11 27 33 
4 133 10 13 17 26 
4 156 10 13 17 34 
4 147 10 13 26 34 
4 142 10 13 17 24 
4 140 10 13 28 34 
4 159 10 13 15 17 
4 149 10 13 15 26 
4 133 10 13 24 26 
4 137 10 13 15 28 
4 177 10 13 15 34 
4 157 10 13 24 34 
4 131 7 16 18 27 
4 158 10 13 15 24 
4 138 10 15 17 26 
4 136 13 15 17 26 
4 133 7 9 11 16 
4 133 7 9 11 25 
4 166 10 15 17 34 
4 155 10 15 26 34 
4 138 10 24 26 34 
4 135 10 15 29 34 
4 160 13 15 17 34 
4 152 13 15 26 34 
4 137 13 24 26 34 
4 145 7 9 11 18 
4 148 7 9 11 27 
4 135 7 9 11 30 
4 144 7 9 11 33 
4 133 7 9 23 27 
4 131 7 9 23 33 
4 152 10 15 17 24 
4 144 13 15 17 24 
4 148 10 15 28 34 
4 136 10 24 28 34 
4 134 10 15 31 34 
4 143 13 15 28 34 
4 132 13 24 28 34 
4 135 7 9 16 18 
4 137 7 9 16 27 
4 131 7 9 16 33 
4 136 7 9 25 27 
4 132 7 9 25 33 
4 131 16 18 25 27 
4 139 10 15 24 26 
4 137 13 15 24 26 
4 133 10 15 24 28 
4 167 10 15 24 34 
4 161 13 15 24 34 
4 145 7 9 18 27 
4 132 7 9 18 30 
4 144 7 9 18 33 
4 139 7 9 27 30 
4 148 7 9 27 33 
4 135 7 9 30 33 
4 137 7 18 27 33 
4 135 7 27 30 33 
4 134 16 18 27 30 
4 140 9 11 14 16 
4 134 9 11 14 25 
4 140 15 17 26 34 
4 144 9 11 14 18 
4 144 9 11 14 27 
4 136 9 11 14 30 
4 136 9 11 23 27 
4 139 9 11 16 25 
4 132 15 17 28 34 
4 131 15 26 28 34 
4 149 9 11 16 18 
4 154 9 11 16 27 
4 140 9 11 16 30 
4 153 9 11 25 27 
4 138 9 11 25 30 
4 139 9 14 16 18 
4 139 9 14 16 27 
4 133 9 14 25 27 
4 131 9 11 18 23 
4 142 9 11 18 25 
4 155 15 17 24 34 
4 159 9 11 18 27 
4 145 9 11 18 30 
4 137 9 11 18 33 
4 152 9 11 27 30 
4 137 9 11 27 33 
4 140 9 14 18 27 
4 132 9 14 18 30 
4 132 9 14 27 30 
4 141 9 16 25 27 
4 131 9 16 25 30 
4 131 6 7 9 11 
4 135 9 16 18 25 
4 134 6 7 9 18 
4 134 6 7 9 27 
4 137 6 7 9 33 
4 131 6 7 18 33 
4 133 6 7 27 33 
4 150 9 16 18 27 
4 138 9 16 18 30 
4 142 9 16 27 30 
4 142 9 25 27 30 
4 144 15 24 26 34 
4 136 6 9 11 18 
4 135 6 9 11 27 
4 132 9 18 23 27 
4 141 15 24 28 34 
4 133 6 9 16 18 
4 132 6 9 16 27 
4 141 9 18 25 27 
4 137 6 9 18 27 
4 131 6 9 18 33 
4 131 6 9 27 33 
4 143 9 18 27 30 
4 137 9 18 27 33 
5 132 5 8 17 26 34 
5 147 5 8 17 24 34 
5 153 5 8 10 17 34 
5 151 5 8 13 17 34 
5 145 5 8 10 26 34 
5 145 5 8 13 26 34 
5 136 5 8 10 17 24 
5 132 5 8 13 17 24 
5 142 5 8 10 13 17 
5 136 5 8 10 13 26 
5 132 5 8 10 13 28 
5 164 5 8 10 13 34 
5 141 5 8 10 28 34 
5 139 5 8 13 28 34 
5 162 5 8 10 13 15 
5 143 5 8 10 13 24 
5 151 5 8 10 15 17 
5 147 5 8 13 15 17 
5 143 5 8 10 15 26 
5 142 5 8 13 15 26 
5 139 5 8 10 15 28 
5 177 5 8 10 15 34 
5 155 5 8 10 24 34 
5 136 5 8 13 15 28 
5 172 5 8 13 15 34 
5 155 5 8 13 24 34 
5 153 5 8 10 15 24 
5 148 5 8 13 15 24 
5 161 5 8 15 17 34 
5 155 5 8 15 26 34 
5 139 5 8 24 26 34 
5 131 5 8 15 29 34 
5 142 5 8 15 17 24 
5 149 5 8 15 28 34 
5 139 5 8 24 28 34 
5 133 5 8 15 31 34 
5 133 5 8 15 24 26 
5 133 5 8 15 24 28 
5 169 5 8 15 24 34 
5 133 8 10 17 26 34 
5 132 8 13 17 26 34 
5 138 5 10 17 24 34 
5 134 5 13 17 24 34 
5 145 8 10 17 24 34 
5 140 8 13 17 24 34 
5 144 5 10 13 17 34 
5 136 5 10 13 26 34 
5 151 8 10 13 17 34 
5 145 8 10 13 26 34 
5 134 8 10 13 17 24 
5 133 5 10 13 28 34 
5 137 8 10 13 28 34 
5 145 5 10 13 15 17 
5 137 5 10 13 15 26 
5 150 8 10 13 15 17 
5 144 8 10 13 15 26 
5 131 5 10 13 15 28 
5 164 5 10 13 15 34 
5 145 5 10 13 24 34 
5 134 8 10 13 15 28 
5 171 8 10 13 15 34 
5 152 8 10 13 24 34 
5 145 5 10 13 15 24 
5 150 8 10 13 15 24 
5 132 8 10 15 17 26 
5 131 8 13 15 17 26 
5 153 5 10 15 17 34 
5 149 5 13 15 17 34 
5 144 5 10 15 26 34 
5 142 5 13 15 26 34 
5 161 8 10 15 17 34 
5 155 8 13 15 17 34 
5 152 8 10 15 26 34 
5 136 8 10 24 26 34 
5 150 8 13 15 26 34 
5 135 8 13 24 26 34 
5 132 8 10 15 29 34 
5 139 5 10 15 17 24 
5 132 5 13 15 17 24 
5 143 8 10 15 17 24 
5 136 8 13 15 17 24 
5 141 5 10 15 28 34 
5 137 5 13 15 28 34 
5 144 8 10 15 28 34 
5 133 8 10 24 28 34 
5 140 8 13 15 28 34 
5 134 8 10 15 24 26 
5 131 8 13 15 24 26 
5 155 5 10 15 24 34 
5 150 5 13 15 24 34 
5 162 8 10 15 24 34 
5 156 8 13 15 24 34 
5 138 8 15 17 26 34 
5 144 5 15 17 24 34 
5 150 8 15 17 24 34 
5 133 5 15 24 26 34 
5 142 8 15 24 26 34 
5 134 5 15 24 28 34 
5 138 8 15 24 28 34 
5 138 10 13 17 24 34 
5 153 10 13 15 17 34 
5 144 10 13 15 26 34 
5 139 10 13 15 17 24 
5 137 10 13 15 28 34 
5 154 10 13 15 24 34 
5 132 10 15 17 26 34 
5 131 13 15 17 26 34 
5 147 10 15 17 24 34 
5 140 13 15 17 24 34 
5 137 7 9 11 18 27 
5 136 7 9 11 18 33 
5 136 7 9 11 27 33 
5 135 10 15 24 26 34 
5 132 13 15 24 26 34 
5 133 10 15 24 28 34 
5 136 7 9 18 27 33 
5 133 9 11 14 16 18 
5 133 9 11 14 16 27 
5 134 9 11 14 18 27 
5 135 9 11 16 25 27 
5 142 9 11 16 18 27 
5 132 9 11 16 18 30 
5 134 9 11 16 27 30 
5 134 9 11 25 27 30 
5 132 9 14 16 18 27 
5 135 9 11 18 25 27 
5 137 9 11 18 27 30 
5 132 9 16 18 27 30 
6 136 5 8 10 17 24 34 
6 132 5 8 13 17 24 34 
6 142 5 8 10 13 17 34 
6 136 5 8 10 13 26 34 
6 132 5 8 10 13 28 34 
6 140 5 8 10 13 15 17 
6 134 5 8 10 13 15 26 
6 162 5 8 10 13 15 34 
6 143 5 8 10 13 24 34 
6 141 5 8 10 13 15 24 
6 151 5 8 10 15 17 34 
6 147 5 8 13 15 17 34 
6 143 5 8 10 15 26 34 
6 142 5 8 13 15 26 34 
6 134 5 8 10 15 17 24 
6 139 5 8 10 15 28 34 
6 136 5 8 13 15 28 34 
6 153 5 8 10 15 24 34 
6 148 5 8 13 15 24 34 
6 142 5 8 15 17 24 34 
6 133 5 8 15 24 26 34 
6 133 5 8 15 24 28 34 
6 133 8 10 13 17 24 34 
6 142 5 10 13 15 17 34 
6 134 5 10 13 15 26 34 
6 148 8 10 13 15 17 34 
6 142 8 10 13 15 26 34 
6 131 8 10 13 15 17 24 
6 131 5 10 13 15 28 34 
6 134 8 10 13 15 28 34 
6 143 5 10 13 15 24 34 
6 149 8 10 13 15 24 34 
6 136 5 10 15 17 24 34 
6 142 8 10 15 17 24 34 
6 135 8 13 15 17 24 34 
6 133 8 10 15 24 26 34 
6 135 10 13 15 17 24 34 
7 140 5 8 10 13 15 17 34 
7 134 5 8 10 13 15 26 34 
7 141 5 8 10 13 15 24 34 
7 134 5 8 10 15 17 24 34 
1 187 1
1 236 2
1 193 3
1 190 4
1 251 5
1 171 6
1 177 7
1 246 8
1 214 9
1 206 10
1 272 11
1 152 12
1 240 13
1 181 14
1 243 15
1 178 16
1 205 17
1 207 18
1 214 19
1 213 20
1 151 21
1 264 22
1 173 23
1 231 24
1 207 25
1 203 26
1 248 27
1 170 28
1 174 29
1 231 30
1 270 31
1 166 33
1 264 34
