2 190 2 11 
2 217 5 8 
2 179 5 17 
2 180 8 17 
2 178 8 26 
2 186 5 10 
2 199 5 13 
2 229 5 34 
2 193 8 10 
2 197 8 13 
2 241 8 34 
2 185 11 25 
2 185 17 34 
2 179 26 34 
2 213 5 15 
2 200 5 24 
2 211 8 15 
2 200 8 24 
2 188 11 18 
2 214 11 27 
2 191 11 30 
2 177 10 17 
2 182 13 17 
2 187 10 13 
2 198 10 34 
2 198 13 34 
2 202 10 15 
2 175 10 24 
2 211 13 15 
2 182 13 24 
2 176 25 27 
2 198 9 11 
2 191 15 17 
2 178 15 26 
2 216 15 34 
2 211 24 34 
2 185 9 18 
2 194 9 27 
2 192 15 24 
2 176 18 27 
2 187 27 30 
3 179 5 8 10 
3 180 5 8 13 
3 217 5 8 34 
3 177 8 17 34 
3 196 5 8 15 
3 185 5 8 24 
3 182 5 10 34 
3 182 5 13 34 
3 176 8 10 13 
3 191 8 10 34 
3 192 8 13 34 
3 184 5 10 15 
3 185 5 13 15 
3 190 8 10 15 
3 185 8 13 15 
3 201 5 15 34 
3 191 5 24 34 
3 207 8 15 34 
3 199 8 24 34 
3 178 5 15 24 
3 179 8 15 24 
3 180 10 13 34 
3 183 10 13 15 
3 195 10 15 34 
3 187 13 15 34 
3 177 15 17 34 
3 180 9 11 27 
3 184 15 24 34 
4 179 5 8 10 34 
4 180 5 8 13 34 
4 177 5 8 10 15 
4 196 5 8 15 34 
4 185 5 8 24 34 
4 180 5 10 15 34 
4 188 8 10 15 34 
4 181 8 13 15 34 
4 178 8 15 24 34 
4 177 10 13 15 34 
5 177 5 8 10 15 34 
1 187 1
1 236 2
1 193 3
1 190 4
1 251 5
1 177 7
1 246 8
1 214 9
1 206 10
1 272 11
1 240 13
1 181 14
1 243 15
1 178 16
1 205 17
1 207 18
1 214 19
1 213 20
1 264 22
1 231 24
1 207 25
1 203 26
1 248 27
1 231 30
1 270 31
1 264 34
